-189 189
-188 188
-187 187
-186 186
-185 185
-184 184
-183 183
-182 182
-180 180
-179 179
-178 178
-177 177
-176 176
-175 175
-174 174
-173 173
-172 172
-171 171
-170 170
-169 169
-168 168
-167 167
-166 166
-165 165
-164 164
-163 163
-162 162
-161 161
-160 160
-159 159
-158 158
-157 209
-156 156
-155 203
-154 154
-153 153
-152 152
-151 151
-150 150
-149 149
-148 148
-147 147
-146 146
-145 193
-144 144
-143 143
-142 190
-141 141
-140 140
-139 139
-138 138
-137 137
-136 136
-135 135
-134 134
-133 185
-132 132
-131 203
-130 130
-129 177
-128 128
-127 127
-126 126
-125 125
-124 124
-123 123
-122 122
-121 173
-120 120
-119 167
-118 170
-117 117
-116 164
-115 115
-114 114
-113 113
-112 112
-111 111
-110 110
-109 161
-108 108
-107 179
-106 154
-105 177
-104 104
-103 151
-102 102
-101 101
-100 100
-99 99
-98 98
-97 149
-96 96
-95 173
-94 146
-93 141
-92 164
-91 91
-90 138
-89 89
-88 88
-87 87
-86 86
-85 137
-84 84
-83 161
-82 134
-81 153
-80 128
-79 151
-78 78
-77 125
-76 76
-75 75
-74 74
-73 125
-72 72
-71 149
-70 122
-69 147
-68 140
-67 115
-66 138
-65 65
-64 112
-63 63
-62 62
-61 113
-60 60
-59 137
-58 110
-57 135
-56 152
-55 127
-54 102
-53 125
-52 52
-51 99
-50 50
-49 101
-48 48
-47 125
-46 98
-45 123
-44 148
-43 139
-42 114
-41 89
-40 112
-39 39
-38 86
-37 89
-36 36
-35 113
-34 86
-33 111
-32 136
-31 151
-30 126
-29 101
-28 76
-27 99
-26 26
-25 125
-24 24
-23 101
-22 74
-21 99
-20 124
-19 149
-18 138
-17 113
-16 88
-15 63
-14 86
-13 65
-12 60
-11 89
-10 62
-9 87
-8 112
-7 137
-6 150
-5 125
-4 100
-3 75
-2 50
-1 125
0 0
1 125
2 50
3 75
4 100
5 125
6 150
7 137
8 112
9 87
10 62
11 89
12 60
13 65
14 86
15 63
16 88
17 113
18 138
19 149
20 124
21 99
22 74
23 101
24 24
25 125
26 26
27 99
28 76
29 101
30 126
31 151
32 136
33 111
34 86
35 113
36 36
37 89
38 86
39 39
40 112
41 89
42 114
43 139
44 148
45 123
46 98
47 125
48 48
49 101
50 50
51 99
52 52
53 125
54 102
55 127
56 152
57 135
58 110
59 137
60 60
61 113
62 62
63 63
64 112
65 65
66 138
67 115
68 140
69 147
70 122
71 149
72 72
73 125
74 74
75 75
76 76
77 125
78 78
79 151
80 128
81 153
82 134
83 161
84 84
85 137
86 86
87 87
88 88
89 89
90 138
91 91
92 164
93 141
94 146
95 173
96 96
97 149
98 98
99 99
100 100
101 101
102 102
103 151
104 104
105 177
106 154
107 179
108 108
109 161
110 110
111 111
112 112
113 113
114 114
115 115
116 164
117 117
118 170
119 167
120 120
121 173
122 122
123 123
124 124
125 125
126 126
127 127
128 128
129 177
130 130
131 203
132 132
133 185
134 134
135 135
136 136
137 137
138 138
139 139
140 140
141 141
142 190
143 143
144 144
145 193
146 146
147 147
148 148
149 149
150 150
151 151
152 152
153 153
154 154
155 203
156 156
157 209
158 158
159 159
160 160
161 161
162 162
163 163
164 164
165 165
166 166
167 167
168 168
169 169
170 170
171 171
172 172
173 173
174 174
175 175
176 176
177 177
178 178
179 179
180 180
182 182
183 183
184 184
185 185
186 186
187 187
188 188
189 189
